
26.45
3.37
1.27
1.17
1.08
1.26
1.88
1.70
1.71
11.42
1.03
3.18
1.43
1.23
1.47

8.76
2.17
1.00
1.16
3.01
1.10
2.80
1.74
1.57
1.91
1.80
1.75
1.42
4.43
1.64
1.17
1.96
1.28
4.93
4.18
4.15
13.60
1.05
1.20
8.12
1.81
1.77
6.67
1.51
1.18
1.09
5.69
1.00
1.41
3.38
2.09
1.19
1.62
2.55
4.33
6.32
2.22
1.51
2.16
1.81
4.20
1.15
1.90
1.11
9.89
3.43
2.63
3.19
2.53
7.16
1.66
1.48
211.47
1.21
9.56
1.15
19.70
2.93
1.24
2.66
10.35
11.84
1.87
2.40
1.56
8.23
2.36
2.85
2.43
2.22
1.84
1.14
2.09
1.19
3.73
1.11
2.41
31.50
1.08
3.14
1.53
3.12
2.96
3.04
2.43
16.21
2.08
2.91
6.24
1.23
5.89
1.31
1.80
1.21
3.76
2.07
1.33
1.89
1.37
90.85
1.81
40.34
59.08
3.47
3.03
8.74
1.06
3.04
1.71
5.67
5.20
1.00
11.16
1.64
4.33
1.59
3.01
3.06
1.14
1.80
1.08
1.74
1.85
2.03
2.33
1.65
2.79
4.15
1.45
47.45
1.84
12.82
4.61
1.93
1.73
9.64
1.00
6.99
1.22
1.66
1.47
1.13
7.15
1.09
10.66
5.73
2.14
1.11
12.07
1.26
2.25
1.93
1.16
14.98
1.28
5.21
1.06
44.73
20.47
55.02
1.30
1.55
1.34
8.27
1.09
1.00
2.30
2.74
1.53
5.99
2.85
1.79
5.38
1.03
1.98
1.11
5.46
22.31
1.47
13.19
3.85
3.98
2.68
1.05
3.38
2.58
1.19
1.68
1.29
1.35
5.51
2.44
2.79
2.90
1.66
6.45
9.31
2.43
6.43
163.16
1.08
1.47
9.88
2.34
3.79
4.14
4.80
1.10
1.56
2.77
1.05
1.12
21.66
1.09
1.02
2.36
1.13
1.35
2.20
1.25
1.29
2.09
1.51
2.43
1.22
1.07
1.15
1.10
2.19
1.49
2.92
1.00
2.70
1.05
1.79
2.03
1.61
1.17
1.47
3.40
1.12
1.28
1.20
1.23
4.56
1.15
2.77
4.20
3.32
1.37
1.02
2.99
3.45
1.65
5.89
8.55
